00100100100000000000000000000000000000000000000000000000000
00000100100000110001000000010000000000000000000000000000000
00000111011000000000100000011011000000000000000100000000000
00000110001000000000100000011011000000000000000100000000000
00110101000000000000000000000000000000000000000000000000000
00000100100000110001000000010000010000000000000000000000000
00000110011000000000100000011011000001000000000100000000001
00000101111000000000100000011011000001000000000100000000001
01011001001000000001000000100000110000010000000010000000000
00000100100000110001000000010000100000000000000000000000000
00001010110000000000000000000000000000000110000001000100000
00001010110000000000000000000000000000000110000001000100000
00000100100000001000001000011000000000000000000000000000000
00000100100000110000010000010000000000000000000000000000000
00000100100000100100001000000100000001000000000000000000000
00000111001000000000100000000000000000000000000000000000000
00010100000000000000000000000000001110000000000000000000000
00010100010000000000000000000000001100000000000000000000000
00001000011000001100000000000001000000000000000000100000001
00001000011000001100000000000001000000000000000000100000001
00000100100000101100001001011000000000000000000000000000000
00000100100000101100001001000110000001000000000000000000000
00000100100000001000001000000100000001000000000000000000000
00000100000100000001000000000000111010000000000000000000000
00000100010100000001000000000000111000000000000000000000000
00010110010100000000000000000000001010000000000000000000000
01110111010000000000000000000000000000000000000010000000000
00000100100000110010000000000000000010000000000000000000000
00010111000100100100000001000000001010000000000000000000000
00010111010100000000000000000000001000000000000000000000000
00000100100000001010000100000000000010000000000000000000000
00000100100000110010000000000000000000000000000000000000000
10000000000001000000000000000000000000001000000010000000000
00011000010100000000000000000000001010000000000000000000000
01101000010000000000000000000000000000000000000010000000000
00001000000010000010000000000000000010000000000000000000000
00011001000100000000000000000000001010000000000000000000000
00011001010100000000000000000000001010000000000000000000000
00001010000000001010000100000000000010000000000000000000000
00001010010000100000000010100000000000100000000000000010000
00001001011000100000000010100000000000100000000000000010000
00001010010000010010000000000000000010000001000000000000000
00000100100000100000000010100000000000000000010000000000100
00001100110100000000000000000000001010000000100000001000000
00011011000000000000000000000000001110000000000000000000000
00011011010000000000000000000000001110000000000000000000000
00001111001000000000000000000000000000000000000000000000010
00001100000100000000000000000000001010000000000000010000000
00001011001000100000000010100000000000000000000000000010000
00001010110000000000000000000000000000000110000001000100000
01110110000000000000000000000000000000000000000010000000000
00001101010000100000000010100000000000000000001000000001000
00001010110000000000000000000000000000000110000001000100000
00001011011000100000000010100000000000000000000000000010000
01110110010000000000000000000000000000000000000010000000000
00001010110000000000000000000000000000000110000001000100000
00001010110000000000000000000000000000000110000001000100000
00001010110000000000000000000000000000000110000001000100000
00000000000000000000000000000000000000000000000000000000000
01110101110000000000000000000000000000000000000010000000000
00011111000100000000000000000000001010000000000000000000000
00001010110000000000000000000000000000000110000001000100000
00000100100000001010000100000000000010000000000000000000000
00000000000000000000000000000000000000000000000000000000000
