000100100100000000000000000000000000000000000000000000000000000000000000
000000100100000110001000000010000000000000000000000000000000000000000000
000001000101000000000100000011011000000000000000000000000010000000100000
000000110101000000000100000011011000000000000000000000000010000000001000
000110101000000000000000000000000000000000000000000000000000000000000000
000000100100000110001000000010000010000000000000000000000000000000000000
000001000101000000000100000011011000001000000000000000000110000000010000
000000110101000000000100000011011000001000000000000000000110000000000000
000001000101000000001000000100000110000000000000000000000110000000110000
000000100100000110001000000010000100000000000000000000000000000000000000
000001010110000000000000000000000000000001100000010010000000000000000000
000001010110000000000000000000000000000001100000010010000000000000000000
000000100100000001000001000011000000000000000000000000000000000000000000
000000100100000110000010000010000000000000000000000000000000000000000000
000000100100000100000100000000101000001000000000000000000000000000000000
000001000101000000000100000000000000000000000000000000000010000010011000
000010100000000000000000000000000001110000000000000000000000000000000000
000010100010000000000000000000000001100000000000000000000000000000000000
001001000101000001100000000000001000000000100000000000000110000000101000
001001000101000001100000000000001000000000100000000000000110000000101000
000000100100000101100001001011000000000000000000000000000000000000000000
000000100100000101100001001000110000001000000000000000000000000000000000
000000100100000001000001000000100000001000000000000000000000000000000000
000000100000100000001000000000000110010000000000000000000000000000000000
000000100010100000001000000000000110000000000000000000000000000000000000
000010110010100000000000000000000001010000000000000000000000000000000000
001101101001000000000000000000000000000000000000100000000000000000000010
000000100100000110010000000000000000010000000000000000000000000000000000
000010111000100100100000001000000001010000000000000000000000000000000000
000010111010100000000000000000000001000000000000000000000000000000000000
000000100100000001010000100000000000010000000000000000000000000000000000
000000100100000110010000000000000000000000000000000000000000000000000000
100000000000001000000000000000000000000010000000100000000000000000000000
000011000010100000000000000000000001010000000000000000000000000000000000
001101111001000000000000000000000000000000000000100000000000000000000010
000001000000010000010000000000000000010000000000000000000000000000000000
000011001000100000000000000000000001010000000000000000000000000000000000
000011001010100000000000000000000001010000000000000000000000000000000000
000001010000000001010000100000000000010000000000000000000000000000000000
000001010010000100000000010100000000000100000000000001000000000000000000
000001000101000100000000010100000000000100000000000001000110000000111000
000001100100000000010000000000000000010000010000000000000000000000000000
000001010110000000000000000000000000000000000000010000000000000000000000
000001110100100000000000000000000000010000001000000100000001000000000000
000011011000000000000000000000000001110000000000000000000000000000000000
000011011010000000000000000000000001110000000000000000000000000000000000
000001000101000000000000000000000000000000000000000000001110000001001000
000000110101000100000000010100000000000000000000000001000010000001000000
000001011000100000000000000000000000010000000000001000000100000000000000
000011100010100000000000000000000001010000000000000000000000000000000000
000000100100000100000000010100000000000000000100000000010000000000000000
000000100100000001010000100000000000010000000000000000000000000000000000
000011101000100000000000000000000001010000000001000000000000000000000000
000001010110000000000000000000000000000001100000010010000000000000000000
001011110010100000010000000000000000000000000000100000000000101100000000
000001011010100000000000000000000000000000000000000000000000000000000100
000001011010100000000000000000000000000000000000000000000000000000000100
000011110010000000000000000000000001110000000000000000000000000000000000
000001111110000100000000010000000000000000000010000000100000000000000000
010000000001000000000000000000000000000000000000000000000000010000000001
000011111000100000000000000000000001010000000001000000000000000000000000
000001010110000000000000000000000000000001100000010010000000000000000000
001011110010100000010000000000000000000000000000100000000000100100000000
000000110101000100000000010100000000000000000000000001000110000001010000
